B001 21.61;17.30 21.61;42.86 32.56;42.86 32.56;24.61 39.86;24.61 39.86;17.30 21.61;17.30
B002 21.61;42.86 21.61;53.82 58.12;53.82 58.12;35.56 47.17;35.56 47.17;42.86 21.61;42.86
B003 47.17;35.56 58.12;35.56 58.12;17.30 39.86;17.30 39.86;24.61 47.17;24.61 47.17;35.56
B004 21.61;61.12 21.61;83.03 32.56;83.03 32.56;61.12 21.61;61.12
B005 39.86;83.03 58.12;83.03 58.12;75.73 47.17;75.73 47.17;68.43 58.12;68.43 58.12;61.12 39.86;61.12 39.86;83.03
B006 69.08;72.08 80.03;83.03 101.94;61.12 90.99;50.17 83.68;57.47 90.99;64.77 83.68;72.08 76.38;64.77 69.08;72.08
B007 72.73;46.52 80.03;46.52 87.33;39.21 87.33;35.56 80.03;35.56 80.03;28.26 87.33;28.26 87.33;24.61 80.03;17.30 72.73;17.30 72.73;46.52
B008 98.29;42.86 109.24;53.82 116.55;46.52 105.59;35.56 98.29;42.86
B009 94.64;24.61 109.24;24.61 109.24;17.30 94.64;17.30 94.64;24.61
B010 72.73;61.12 80.03;61.12 80.03;53.82 72.73;53.82 72.73;61.12

65.43;13.65 f6-55-bb-71-d0-74;287.7447 f8-1b-88-42-f8-9b;72.1811 12-27-0e-2f-9a-c8;298.8108
50.82;13.65 f6-55-bb-71-d0-74;327.9946 f8-1b-88-42-f8-9b;79.3803 12-27-0e-2f-9a-c8;317.7263
36.21;13.65 f6-55-bb-71-d0-74;61.9275 12-27-0e-2f-9a-c8;0.0000
21.61;13.65 f6-55-bb-71-d0-74;77.1250 12-27-0e-2f-9a-c8;42.2737
17.95;24.61 f6-55-bb-71-d0-74;99.9262 12-27-0e-2f-9a-c8;74.3578
17.95;39.21 f6-55-bb-71-d0-74;124.0193 12-27-0e-2f-9a-c8;117.4744
17.95;53.82 f7-cd-e6-2d-31-01;60.4222 12-27-0e-2f-9a-c8;142.8533
17.95;68.43 f7-cd-e6-2d-31-01;88.4518
17.95;83.03 f7-cd-e6-2d-31-01;117.1811
32.56;86.68 f7-cd-e6-2d-31-01;144.6888
47.17;86.68 f7-cd-e6-2d-31-01;187.1250 5b-1d-1c-fb-84-4b;118.4956
61.77;86.68 f7-cd-e6-2d-31-01;223.7811 5b-1d-1c-fb-84-4b;141.7098
76.38;86.68 f7-cd-e6-2d-31-01;240.8324 5b-1d-1c-fb-84-4b;194.7436
90.99;86.68 5b-1d-1c-fb-84-4b;232.7652
101.94;75.73 c9-ff-25-df-f8-d8;168.9298 5b-1d-1c-fb-84-4b;264.2894
109.24;68.43 c9-ff-25-df-f8-d8;181.5911
120.20;57.47 c9-ff-25-df-f8-d8;217.3039
120.20;42.86 c9-ff-25-df-f8-d8;266.4237
120.20;28.26 c9-ff-25-df-f8-d8;319.8991 f8-1b-88-42-f8-9b;256.8274
120.20;13.65 c9-ff-25-df-f8-d8;337.6938 f8-1b-88-42-f8-9b;280.8403
105.59;13.65 c9-ff-25-df-f8-d8;5.8560 f8-1b-88-42-f8-9b;288.4349
90.99;13.65 c9-ff-25-df-f8-d8;31.6075 f8-1b-88-42-f8-9b;322.1250
76.38;13.65 f6-55-bb-71-d0-74;281.3099 f8-1b-88-42-f8-9b;55.3048
65.43;17.30 f6-55-bb-71-d0-74;276.8428 f8-1b-88-42-f8-9b;81.8699 12-27-0e-2f-9a-c8;293.0255
65.43;31.91 f6-55-bb-71-d0-74;235.7843 f8-1b-88-42-f8-9b;119.7449 12-27-0e-2f-9a-c8;265.7108
65.43;46.52 f6-55-bb-71-d0-74;214.0459 f7-cd-e6-2d-31-01;317.9108 f8-1b-88-42-f8-9b;142.1250 5b-1d-1c-fb-84-4b;15.5241 12-27-0e-2f-9a-c8;240.1011
65.43;61.12 f7-cd-e6-2d-31-01;291.4477 5b-1d-1c-fb-84-4b;32.0054
65.43;75.73 f7-cd-e6-2d-31-01;252.1811 5b-1d-1c-fb-84-4b;111.8014
